UNITS MIL,500;
$$MSHUNITS MIL,500;
ADD N4 :D :F1 :S0 :T1003 '1.1, 50, 0, 200' 6435.000,10052.550;
ADD N4 :D :F1 :S0 :T1003 '2.1, 50, 0, 200' 6435.000,9107.550;
ADD N4 :D :F1 :S0 :T1003 '3.1, 50, 0, 200' 6435.000,8162.550;
ADD N4 :D :F1 :S0 :T1003 '4.1, 50, 0, 200' 6435.000,7217.550;
ADD P2 :FILL
  6850.700,7385.000
  6850.700,7680.000
  6555.700,7680.000
  6555.700,7385.000
  6850.700,7385.000;
ADD P2 :FILL
  6850.700,8330.000
  6850.700,8625.000
  6555.700,8625.000
  6555.700,8330.000
  6850.700,8330.000;
ADD P2 :FILL
  6850.700,9275.000
  6850.700,9570.000
  6555.700,9570.000
  6555.700,9275.000
  6850.700,9275.000;
ADD P2 :FILL
  6850.700,10220.000
  6850.700,10515.000
  6555.700,10515.000
  6555.700,10220.000
  6850.700,10220.000;
ADD P4 :FILL
  6658.200,8207.550
  6635.000,8207.550
  6635.000,8190.050
  6435.000,8190.050
  6435.000,8135.050
  6635.000,8135.050
  6635.000,8117.550
  6655.500,8117.550
  6748.200,8210.250
  6748.200,8300.000
  6708.200,8300.000
  6708.200,8465.000
  6698.200,8465.000
  6698.200,8300.000
  6658.200,8300.000
  6658.200,8207.550;
ADD P4 :FILL
  6658.200,7262.550
  6635.000,7262.550
  6635.000,7245.050
  6435.000,7245.050
  6435.000,7190.050
  6635.000,7190.050
  6635.000,7172.550
  6655.500,7172.550
  6748.200,7265.250
  6748.200,7355.000
  6708.200,7355.000
  6708.200,7520.000
  6698.200,7520.000
  6698.200,7355.000
  6658.200,7355.000
  6658.200,7262.550;
ADD P4 :FILL
  6658.200,9152.550
  6635.000,9152.550
  6635.000,9135.050
  6435.000,9135.050
  6435.000,9080.050
  6635.000,9080.050
  6635.000,9062.550
  6655.500,9062.550
  6748.200,9155.250
  6748.200,9245.000
  6708.200,9245.000
  6708.200,9410.000
  6698.200,9410.000
  6698.200,9245.000
  6658.200,9245.000
  6658.200,9152.550;
ADD P4 :FILL
  6658.200,10097.550
  6635.000,10097.550
  6635.000,10080.050
  6435.000,10080.050
  6435.000,10025.050
  6635.000,10025.050
  6635.000,10007.550
  6655.500,10007.550
  6748.200,10100.250
  6748.200,10190.000
  6708.200,10190.000
  6708.200,10355.000
  6698.200,10355.000
  6698.200,10190.000
  6658.200,10190.000
  6658.200,10097.550;
