UNITS MIL,100;
EDIT proj;
ADD P1 :W0.000000  147.00,-117.20 238.40,-117.20 238.40,117.20 147.00,117.20 147.00,-117.20;
ADD P1 :W0.000000  853.00,-24.50 1000.00,-24.50 1000.00,24.50 853.00,24.50 853.00,-24.50;
ADD P1 :W0.000000  761.60,-117.20 853.00,-117.20 853.00,117.20 761.60,117.20 761.60,-117.20;
ADD P1 :W0.000000  0.00,-24.50 147.00,-24.50 147.00,24.50 0.00,24.50 0.00,-24.50;
ADD P1 :W0.000000  422.50,-117.20 577.50,-117.20 577.50,-3.90 422.50,-3.90 422.50,-117.20;
ADD P1 :W0.000000  422.50,3.90 577.50,3.90 577.50,117.20 422.50,117.20 422.50,3.90;
ADD P1 :W0.000000  238.40,-3.90 761.60,-3.90 761.60,3.90 238.40,3.90 238.40,-3.90;
SAVE;
