UNITS MIL,100;
$$MSHUNITS MIL,100;
ADD N1 :D :F1 :S0 :T1003 '1, 50, 0, 0' 0.00,0.00;
ADD N1 :D :F1 :S0 :T1003 '2, 50, 0, 0' 1000.00,0.00;
ADD P1 :FILL
  0.00,24.50
  0.00,-24.50
  147.00,-24.50
  147.00,-117.20
  238.40,-117.20
  238.40,-3.90
  422.50,-3.90
  422.50,-117.20
  577.50,-117.20
  577.50,-3.90
  761.60,-3.90
  761.60,-117.20
  853.00,-117.20
  853.00,-24.50
  1000.00,-24.50
  1000.00,24.50
  853.00,24.50
  853.00,117.20
  761.60,117.20
  761.60,3.90
  577.50,3.90
  577.50,117.20
  422.50,117.20
  422.50,3.90
  238.40,3.90
  238.40,117.20
  147.00,117.20
  147.00,24.50
  0.00,24.50;
